0.000000000000000000e+00 -8.505395705948817428e-03
1.010101010101010083e-01 2.531752336713081197e-01
2.020202020202020166e-01 1.353563005494366478e-01
3.030303030303030387e-01 3.377453352336449721e-01
4.040404040404040331e-01 2.985437877835255271e-01
5.050505050505050830e-01 6.066149213438790655e-01
6.060606060606060774e-01 7.076478522768651080e-01
7.070707070707070718e-01 6.460432804580946708e-01
8.080808080808080662e-01 8.606147105643080497e-01
9.090909090909090606e-01 9.254365495722576274e-01
1.010101010101010166e+00 1.033543183600673876e+00
1.111111111111111160e+00 1.071432216364241352e+00
1.212121212121212155e+00 1.040038915674518005e+00
1.313131313131313149e+00 1.011959756418877587e+00
1.414141414141414144e+00 1.128085124338015000e+00
1.515151515151515138e+00 1.061138086398295099e+00
1.616161616161616132e+00 8.671564055796067150e-01
1.717171717171717127e+00 1.092350194257232232e+00
1.818181818181818121e+00 1.046681813715915732e+00
1.919191919191919116e+00 8.572008267939605908e-01
2.020202020202020332e+00 1.067866606116822714e+00
2.121212121212121104e+00 8.594912409812258680e-01
2.222222222222222321e+00 7.410673108105514384e-01
2.323232323232323093e+00 7.734470559073283180e-01
2.424242424242424310e+00 6.405799999813158729e-01
2.525252525252525082e+00 5.263966259276827708e-01
2.626262626262626299e+00 4.671178927025228522e-01
2.727272727272727071e+00 4.103136678272514826e-01
2.828282828282828287e+00 2.571483492965827011e-01
2.929292929292929060e+00 1.947664266156353685e-01
3.030303030303030276e+00 1.436593540158305760e-01
3.131313131313131048e+00 4.142161660078493707e-03
3.232323232323232265e+00 -3.449466306401565568e-02
3.333333333333333481e+00 -2.259859553798353737e-01
3.434343434343434254e+00 -4.709211532032662184e-01
3.535353535353535470e+00 -2.829443485405968017e-01
3.636363636363636243e+00 -4.728628787993741089e-01
3.737373737373737459e+00 -4.645371458550106025e-01
3.838383838383838231e+00 -5.762976751766397676e-01
3.939393939393939448e+00 -7.469651536962417238e-01
4.040404040404040664e+00 -7.543944304068269657e-01
4.141414141414140992e+00 -1.006538722124475260e+00
4.242424242424242209e+00 -7.812319586019674800e-01
4.343434343434343425e+00 -1.052417801463540581e+00
4.444444444444444642e+00 -1.010603403487099428e+00
4.545454545454544970e+00 -9.014989133833340995e-01
4.646464646464646187e+00 -1.158346757045528141e+00
4.747474747474747403e+00 -8.846158714290008884e-01
4.848484848484848619e+00 -1.051440072010593640e+00
4.949494949494949836e+00 -1.054754357207579041e+00
5.050505050505050164e+00 -7.546528264321292756e-01
5.151515151515151381e+00 -9.530307002492640622e-01
5.252525252525252597e+00 -8.816059662746920100e-01
5.353535353535353813e+00 -7.298306075068849985e-01
5.454545454545454142e+00 -8.286019334816411286e-01
5.555555555555555358e+00 -6.518985832605922459e-01
5.656565656565656575e+00 -6.186958377774933737e-01
5.757575757575757791e+00 -4.581070168347340377e-01
5.858585858585858119e+00 -1.212690963879134998e-01
5.959595959595959336e+00 -3.087926559650266967e-01
6.060606060606060552e+00 -2.896975939752493012e-01
6.161616161616161769e+00 -1.676168631854507152e-01
6.262626262626262097e+00 -5.634168743751544195e-02
6.363636363636363313e+00 3.239389160766142223e-02
6.464646464646464530e+00 3.236206647875711218e-01
6.565656565656565746e+00 3.035485453116978372e-01
6.666666666666666963e+00 3.955311606281980419e-01
6.767676767676767291e+00 4.378030460136898561e-01
6.868686868686868507e+00 5.212074078094903751e-01
6.969696969696969724e+00 4.997398122306578871e-01
7.070707070707070940e+00 8.150638818769357918e-01
7.171717171717171269e+00 6.388054552337431025e-01
7.272727272727272485e+00 6.235798491434889623e-01
7.373737373737373701e+00 8.023474193050165182e-01
7.474747474747474918e+00 1.044184046280524969e+00
7.575757575757575246e+00 9.450953235972245903e-01
7.676767676767676463e+00 9.283538699423206086e-01
7.777777777777777679e+00 9.721656681617786289e-01
7.878787878787878896e+00 1.055546602538258050e+00
7.979797979797979224e+00 1.004460695719516794e+00
8.080808080808081328e+00 9.556898054843807611e-01
8.181818181818181657e+00 1.053943945662634718e+00
8.282828282828281985e+00 9.628131091005399655e-01
8.383838383838384090e+00 9.671457081736163364e-01
8.484848484848484418e+00 8.558131631690207852e-01
8.585858585858586522e+00 7.264211025288536128e-01
8.686868686868686851e+00 5.781212502827963728e-01
8.787878787878787179e+00 4.399669060109984153e-01
8.888888888888889284e+00 4.558168004605563928e-01
8.989898989898989612e+00 4.656717501932090553e-01
9.090909090909089940e+00 2.195019059948247753e-01
9.191919191919192045e+00 3.553135531145873438e-01
9.292929292929292373e+00 5.888768607663739940e-02
9.393939393939394478e+00 3.962599805989856505e-01
9.494949494949494806e+00 -1.661878690349952170e-01
9.595959595959595134e+00 -3.844607242646728706e-01
9.696969696969697239e+00 -3.625661595896054190e-01
9.797979797979797567e+00 -4.330498521054186867e-01
9.898989898989899672e+00 -7.687418138227755104e-01
1.000000000000000000e+01 -3.480891516486783743e-01
